A1_diffFG: -0.18181818181818182
A1_absDiffFG: 0.6666666666666666
A1_bestDice: 0.9104913664794515
A1_SBD: 0.894659889156829
A1_FgBgDice: 0.9811047737357209
A2_diffFG: -11.11111111111111
A2_absDiffFG: 11.11111111111111
A2_bestDice: 0.0
A2_SBD: 0.0
A2_FgBgDice: 0.0
A3_diffFG: -5.982142857142857
A3_absDiffFG: 5.982142857142857
A3_bestDice: 0.0
A3_SBD: 0.0
A3_FgBgDice: 0.0
A4_diffFG: -13.232142857142858
A4_absDiffFG: 13.232142857142858
A4_bestDice: 0.0
A4_SBD: 0.0
A4_FgBgDice: 0.0
A5_diffFG: -11.421276595744681
A5_absDiffFG: 11.421276595744681
A5_bestDice: 0.0
A5_SBD: 0.0
A5_FgBgDice: 0.0
Mean_diffFG: -10.674650698602795
Mean_absDiffFG: 10.706586826347305
Mean_bestDice: 0.05997248521720938
Mean_SBD: 0.058929693297755215
Mean_FgBgDice: 0.06462366773109539
