A1_diffFG: -0.30303030303030304
A1_absDiffFG: 0.48484848484848486
A1_bestDice: 0.918274721542818
A1_SBD: 0.9006992492877723
A1_FgBgDice: 0.9802058978839763
A2_diffFG: -11.11111111111111
A2_absDiffFG: 11.11111111111111
A2_bestDice: 0.0
A2_SBD: 0.0
A2_FgBgDice: 0.0
A3_diffFG: -5.982142857142857
A3_absDiffFG: 5.982142857142857
A3_bestDice: 0.0
A3_SBD: 0.0
A3_FgBgDice: 0.0
A4_diffFG: -13.232142857142858
A4_absDiffFG: 13.232142857142858
A4_bestDice: 0.0
A4_SBD: 0.0
A4_FgBgDice: 0.0
A5_diffFG: -11.421276595744681
A5_absDiffFG: 11.421276595744681
A5_bestDice: 0.0
A5_SBD: 0.0
A5_FgBgDice: 0.0
Mean_diffFG: -10.682634730538922
Mean_absDiffFG: 10.694610778443113
Mean_bestDice: 0.060485161299227534
Mean_SBD: 0.059327495462068836
Mean_FgBgDice: 0.06456446033966311
